14 56 61 19 95 30 98 88 25 21

14
19
21
25
30
56
61
88
95
98


963 735 695 565 71 443 444 683 396 331 473 78 485 714 622 506 1 351 942 294 751 250 864 879 869 587 104 20 930 58 649 835 1000 977 872 556 480 674 570 429 64 303 23 718 383 970 523 612 105 115 601 219 984 419 739 171 472 278 3 745 780 866 825 752 93 806 31 517 779 641 124 794 893 422 95 516 730 75 386 849 747 229 882 807 13 280 552 555 793 475 967 384 538 925 956 531 7 168 96 373


89 97 19 21 49 53 61 63 25 34 26 73 15 92 1 33 65 70 82 67 79 40 3 90 91 94 2 87 76 39 5 62 59 100 51 23 20 12 58 9 96 54 8 98 64 14 83 56 16 71 60 85 42 93 37 38 81 24 28 27 74 84 10 86 52 32 72 22 43 75 55 88 4 6 80 11 41 95 29 45 57 30 66 50 18 31 68 99 44 46 7 47 69 78 35 77 48 13 17 36

23 48 14 65 29 49 96 69 22 76 61 83 79 53 3 86 45 87 99 37